fit,j,l1,l2,l3,l4,M30/MeV,rho30re/Mpi,rho30im/Mpi,sigma30re/Mpi,sigma30im/Mpi,M20/MeV,rho21re/Mpi,rho21im/Mpi,sigma21re/Mpi,sigma21im/Mpi,Mph/MeV,rhophre/Mpi,rhophim/Mpi,sigmaphre/Mpi,sigmaphim/Mpi
23,0,-0.004624067607973106,0.0042088547103376105,0.008510524049717373,0.0038271006161030956,304.89353,2.5964670340794216,-0.08133535484610366,1.9467339694404446,-0.5327659060084177,207.342771,3.6072238000514827,-0.26129236832176755,2.33319475158577,-1.0592840543978455,139.57,5.216040792101144,-0.5184296896820584,3.090697656823859,-1.8078201573936146
23,1,-0.004611779593931519,0.0042089784392002495,0.008798531936584017,0.0038271006161030956,304.820027,2.5990681965044686,-0.08193849378644079,1.9520013259133675,-0.5351478857675287,207.323559,3.6104110835318752,-0.2623245069782604,2.3361985510112033,-1.058728552264686,139.57,5.220166610986986,-0.5200044324202985,3.0928529030184837,-1.8059783566004233
23,2,-0.004654411560567191,0.004196899636213409,0.007683399120497926,0.0038271006161030956,304.98965,2.591641020457168,-0.08020330889094102,1.9315427064881698,-0.5262959367761394,207.302341,3.602123491157526,-0.2594609439947716,2.324989515320039,-1.0619011101590907,139.57,5.20784460073963,-0.515311719427938,3.0842119765421776,-1.8135206471673981
23,3,-0.004574243677192735,0.004333812949740835,0.009915954418802723,0.0038271006161030956,304.878372,2.5943983339278676,-0.08082296592449814,1.9771632638103616,-0.5401134009309246,207.408075,3.6032212583094667,-0.2601069545403068,2.3531745463675775,-1.048895868629943,139.57,5.2117795451745135,-0.5168069226431584,3.109581635175454,-1.7878589964524456
23,4,-0.004575328777410058,0.004293812826099462,0.0110851541750745,0.0038271006161030956,304.802088,2.598162957291099,-0.08170789651591352,1.9914360536197437,-0.5496840686317757,207.337229,3.6087875126890503,-0.2618086243675232,2.357683306827638,-1.0526799946099648,139.57,5.218152094640619,-0.519235095002318,3.108489404010768,-1.79179124064239
23,5,-0.0046153927185966885,0.004261339310422288,0.008313958248223237,0.0038271006161030956,304.924842,2.593242425539472,-0.08056286139720194,1.9473559915210812,-0.5298596946205598,207.231467,3.6048308566939684,-0.2601911738585755,2.336917925729976,-1.0563525466905859,139.57,5.210128062515981,-0.5161790053455315,3.09563549112198,-1.8014217504654622
23,6,-0.004616018840122461,0.004216938852542047,0.008590266416995495,0.0038271006161030956,304.98325,2.596547759214294,-0.08139708135560222,1.9487731936454509,-0.5327843104805139,207.191455,3.610541908947196,-0.2620216858302638,2.3359792529835732,-1.0594533826985653,139.57,5.217391906441749,-0.5189449981678957,3.0925455566764057,-1.805847394844907
23,7,-0.00461240617109473,0.004247709909538605,0.008665128885165707,0.0038271006161030956,304.768271,2.595982529417895,-0.08115836762341659,1.9522001978610994,-0.5334790062582769,207.257836,3.6067244177067677,-0.2609008660768178,2.3381829932769627,-1.0569654437851181,139.57,5.213424648708704,-0.5174329696168327,3.095595422159294,-1.8022672762739014
23,8,-0.004639436941646251,0.0041610787915465465,0.008312950845132092,0.0038271006161030956,304.922709,2.5977337782192484,-0.08165932798175132,1.9400512908332288,-0.5322610779944029,207.581775,3.6054922276922583,-0.26133000939479434,2.325972866653217,-1.0611279202822304,139.57,5.2189145353176745,-0.5195261706148574,3.084477902983471,-1.8147527330898705
23,9,-0.004558978752484199,0.004329456874785305,0.011019584781677137,0.0038271006161030956,304.888652,2.5973229145734593,-0.08154263434805023,1.9935203564744317,-0.5478500869970716,207.407711,3.6073358738859036,-0.26150045748299533,2.3606028867342355,-1.0488025390629216,139.57,5.217655407587006,-0.5190455398946572,3.113236210561858,-1.7858327328724073
23,10,-0.00457994919759922,0.004284453702033825,0.01021392156553207,0.0038271006161030956,304.782365,2.598306907709704,-0.08173392275370177,1.978501075067791,-0.5438289054963661,207.214639,3.610724096188645,-0.26214451198257155,2.352615605131892,-1.0538718810237766,139.57,5.21817205317716,-0.5192427130152537,3.1055556259707138,-1.7935774093530379
23,11,-0.004615761686173799,0.004215553634756539,0.007957379066990936,0.0038271006161030956,305.011062,2.596522668040536,-0.0814039491304847,1.939663029945935,-0.5276350155355248,207.230362,3.6101556345405985,-0.2619927291121937,2.3321119078085095,-1.0587588940596757,139.57,5.217712319760191,-0.519067257225019,3.0913043052183014,-1.806079829373647
23,12,-0.00466694993024942,0.00414300912449873,0.00697777320802046,0.0038271006161030956,304.908616,2.594655652547113,-0.08089978897584059,1.9176226552322084,-0.521875494408833,207.196654,3.6071669110378664,-0.26089074624413977,2.3171318492568957,-1.0661751383090141,139.57,5.212686429742319,-0.5171519705665192,3.0768986823323994,-1.8207170162970705
23,13,-0.004620398544972496,0.004212053713932857,0.009076390859802495,0.0038271006161030956,304.842181,2.5971706157599335,-0.08148354253517356,1.955322190115667,-0.5372628105730347,207.303037,3.608334577972236,-0.2615651705236409,2.3372035983871586,-1.0595438468867249,139.57,5.2167385579943435,-0.518695767446514,3.092476604116536,-1.806858021318989
23,14,-0.0046347054390402515,0.004183877720678794,0.008498445508272218,0.0038271006161030956,304.867919,2.596958549875306,-0.08144367416328264,1.9444088736357121,-0.5334220506946263,207.201625,3.609873353275206,-0.2618214044344565,2.331469932867868,-1.062565852821406,139.57,5.216664743271958,-0.5186676150910275,3.0872763067585645,-1.8118041097668856
23,15,-0.00462611142883565,0.00421194990242441,0.008961727728252966,0.0038271006161030956,304.83831,2.596224411161263,-0.08125019674573226,1.9532296272927183,-0.5364676923341768,207.201645,3.608589271249522,-0.2613858070132323,2.3366571353878487,-1.060668022662907,139.57,5.214830526724207,-0.5179684182952154,3.0915057917422555,-1.807714176976766
23,16,-0.004576731332877696,0.004311173196791883,0.011341370284383335,0.0038271006161030956,304.884884,2.5958691227771307,-0.0811850877520852,1.9956129205788444,-0.5508117101296194,207.436377,3.604857263486299,-0.26073469184811476,2.3593553710173887,-1.0512167488513258,139.57,5.2147525229608656,-0.517938698834632,3.110133710847143,-1.7902081960869876
23,17,-0.004631319151977999,0.004202928699787122,0.008286298575809727,0.0038271006161030956,304.903977,2.595659887803451,-0.08114285674566754,1.9426059397155941,-0.5311530864726182,207.439912,3.6046922960491354,-0.2606880164534045,2.330176235531896,-1.0592422139711415,139.57,5.2145956936114715,-0.5178789505739656,3.0888569982635965,-1.8094927326444186
23,18,-0.004619873189347417,0.004183056975555592,0.008891903055634049,0.0038271006161030956,304.832023,2.5998253580568944,-0.08213023309498983,1.9512590297754246,-0.5364833219905126,207.262907,3.612513563950871,-0.2628801947917639,2.334726125846572,-1.0613343368328712,139.57,5.221811545708484,-0.5206332464709635,3.0898939873652314,-1.8096753900444489
23,19,-0.004625331719640236,0.0041976021872982645,0.008618235292957473,0.0038271006161030956,304.89623,2.597198380539846,-0.08151567682958566,1.947558243076621,-0.5338596838158127,207.309273,3.6087778019714247,-0.26173198405157944,2.3332101819588513,-1.0603534675608037,139.57,5.217511816313942,-0.5189907493158596,3.089832041688892,-1.8090866749925485
23,20,-0.004599038721919979,0.00425724652368988,0.00982066189039791,0.0038271006161030956,304.951923,2.5962145861316412,-0.08130088380382613,1.9696924673374645,-0.5412187718327912,207.609446,3.6032478691267102,-0.26064065170045514,2.344224176541768,-1.0535765236803927,139.57,5.216321605853814,-0.5185367598537175,3.10022007899329,-1.7991453430600064
23,21,-0.004622113326168319,0.004217458336537874,0.007667332651970308,0.0038271006161030956,304.924213,2.5958560400533823,-0.08120024671989738,1.9352769166782915,-0.5256326268542731,207.620285,3.602329549280311,-0.26035762040314914,2.3272921945062945,-1.0558976042033912,139.57,5.215249614872316,-0.5181281123806677,3.090087679538114,-1.806868255398274
23,22,-0.00461861308549736,0.004223419396213934,0.009234592550886475,0.0038271006161030956,304.863474,2.5963567313869307,-0.08129431687863517,1.9582529589349564,-0.5381305614627748,207.416452,3.6056391341496568,-0.26094767659367946,2.3382001237935395,-1.0580066921286009,139.57,5.215424742311576,-0.5181948555894856,3.0939061552165774,-1.805446739349584
23,23,-0.004580528667757356,0.004284979354617386,0.01057790488341322,0.0038271006161030956,304.88174,2.5974882096899448,-0.08157989659891521,1.9833591513709696,-0.5460993121146495,207.318589,3.6088948159649843,-0.2617961605222555,2.353926946007524,-1.0533573549811528,139.57,5.21788782389744,-0.5191342326968775,3.1061929269714166,-1.7935357110392753
23,24,-0.004621370059516533,0.004247797801433411,0.008017181812040813,0.0038271006161030956,304.847471,2.5939019173221656,-0.08068762903114066,1.942094161805369,-0.5281373270620915,207.194075,3.6056034072570786,-0.26035488221994174,2.334083275926428,-1.05764761751087,139.57,5.210394710431412,-0.5162803509138537,3.0932369640482382,-1.8036899301407572
23,25,-0.004628344927866045,0.0042343445182788046,0.008334838349623643,0.0038271006161030956,304.853739,2.5938169753589464,-0.08066984352480427,1.9453058989763667,-0.5310349567710682,207.245076,3.604745864427387,-0.2601979164165439,2.333988691686323,-1.0587697231748951,139.57,5.210311283162263,-0.5162486409307506,3.0918402315888986,-1.8059597259250162
23,26,-0.004600902026279984,0.00423924252003794,0.008738182784674173,0.0038271006161030956,304.83009,2.598267576739543,-0.0817467224171239,1.9536177965843948,-0.533848012312161,207.196772,3.6113949653923805,-0.26232548856484594,2.3396590273951348,-1.057120401019568,139.57,5.218729893366694,-0.5194556692305167,3.096563299748649,-1.801425602645574
23,27,-0.004614272151721613,0.0042575944307398274,0.008282426312636367,0.0038271006161030956,304.945189,2.5936172846432255,-0.08066358587384037,1.9467622974712375,-0.5295966175871338,207.26672,3.604982566214258,-0.2603344127060342,2.336388334484067,-1.056190847283155,139.57,5.21113413751222,-0.5165614629917739,3.095427970628514,-1.8016372911086804
23,28,-0.004630642276586762,0.004179690537825378,0.008569242419548458,0.0038271006161030956,304.984182,2.597229319551411,-0.08156449242177734,1.9452887662549396,-0.5335792385087964,207.288587,3.60996279970252,-0.2620801924727772,2.3314374939721807,-1.0618848542269164,139.57,5.21874195839449,-0.519460275776689,3.0876085416688106,-1.8116180315598436
23,29,-0.004621050229909786,0.004218769597609262,0.008780247840490514,0.0038271006161030956,304.907823,2.596037011135995,-0.08123684487212307,1.9512986852322056,-0.534585124182962,207.367229,3.6063833498198274,-0.26107132960515056,2.3354533087871996,-1.0585024955130349,139.57,5.2153869176150245,-0.51818043960252,3.0923800915812185,-1.8063518820911153
23,30,-0.004624677470741111,0.004219506214336591,0.00880898918012996,0.0038271006161030956,304.955953,2.5950253236357455,-0.08101205250741109,1.9513407307047517,-0.5346592165336338,207.293109,3.6066028959196266,-0.2609519244225466,2.335790606555932,-1.0593180757387515,139.57,5.2140409726125565,-0.51766765549233,3.0920149462930357,-1.806795508069788
23,31,-0.004619020363928661,0.0042155501856312215,0.007760117949191383,0.0038271006161030956,304.934686,2.596480203555495,-0.08135782585267567,1.9367400570159459,-0.526358695879907,207.225786,3.609458622041557,-0.26174405252600275,2.330704977113494,-1.0588925239088385,139.57,5.216613772941246,-0.518648176059755,3.0905130607662623,-1.8065913415677213
23,32,-0.004618178026376528,0.004241802508827106,0.008368219462826107,0.0038271006161030956,304.815553,2.5951787556445187,-0.08098414070208133,1.9471038831486769,-0.5311604987191961,207.391013,3.603975369815778,-0.2603176846612011,2.3346718516206444,-1.0564929569248664,139.57,5.212476197632431,-0.5170719672734473,3.0938262778591237,-1.8037485496247319
23,33,-0.004645236123705861,0.00419235208324214,0.008589639995590715,0.0038271006161030956,304.907586,2.5941556709129805,-0.08077736384179285,1.9451825086562846,-0.5339422978318267,207.542002,3.601066023508747,-0.2597262868817186,2.329122119954372,-1.0602882926598411,139.57,5.2116914205809275,-0.5167734023160054,3.0867297361394495,-1.8124606812280233
23,34,-0.004629015694958038,0.00418372815927667,0.008126009802593943,0.0038271006161030956,305.016583,2.596942404775047,-0.08150935790708018,1.9392622075242587,-0.5298031056047473,207.31388,3.609473554255358,-0.2619803902841341,2.3291932660032777,-1.0610239169486304,139.57,5.2186095577137275,-0.5194097255321367,3.0873313688147244,-1.8110830075919668
23,35,-0.00463101940696048,0.004177891802761751,0.007823098554856179,0.0038271006161030956,304.919134,2.5977599047898594,-0.08166405616629058,1.934671590404293,-0.5278578293055711,207.501401,3.6067521160451865,-0.26154759659464766,2.3256534512122786,-1.059832288277009,139.57,5.218918258756556,-0.5195275923984577,3.0860419846379243,-1.8120073985714285
23,36,-0.004630734468147835,0.004207827921304353,0.008776813983294891,0.0038271006161030956,304.941086,2.5950885933359356,-0.08102058216985376,1.9497969533376334,-0.5347871313744681,207.312467,3.606248296567556,-0.26088237996651764,2.334150274087149,-1.0602561616465276,139.57,5.213967614366456,-0.5176397178131218,3.090227876719954,-1.808823198965015
23,37,-0.004608906793548522,0.004239815948220568,0.00878123807359263,0.0038271006161030956,304.803818,2.597020084455584,-0.08142871345114543,1.9536450212395098,-0.5343753461021536,207.282879,3.608086954241875,-0.26142831587928067,2.3385402185569055,-1.057050811403247,139.57,5.215932990654086,-0.51838859086626,3.0956423555526573,-1.8025186823107162
23,38,-0.0046331791684583465,0.0041881630355658185,0.008194806384360855,0.0038271006161030956,305.042862,2.5956678313761317,-0.08120959168804955,1.940069941492898,-0.5302137803654311,207.340521,3.607550120487023,-0.26139718516913424,2.3292436609357625,-1.0609194811505163,139.57,5.216456905870852,-0.5185883535445335,3.0872626453340644,-1.811229640045558
23,39,-0.004616652893337526,0.00421502625422924,0.00832321858249481,0.0038271006161030956,304.925699,2.5969929889709977,-0.08147917381667885,1.9449519172311192,-0.5309323887937812,207.445283,3.6066393509775923,-0.2613623883383196,2.332579968187697,-1.0574621149628165,139.57,5.217500613767873,-0.5189864749027302,3.0918187502518357,-1.8061835661365662
23,40,-0.004637654460174797,0.004184002167403778,0.008619893002336402,0.0038271006161030956,304.8309,2.5966920736833403,-0.08136112008798711,1.9459696912834743,-0.5345568160391783,207.557405,3.6035915663872062,-0.2606214799646006,2.3294533675282065,-1.0601125622502685,139.57,5.2156496062186,-0.5182805631976249,3.0871195175465536,-1.8121880877829166
23,41,-0.004632232580735787,0.004177830244961009,0.008819459060375137,0.0038271006161030956,304.920026,2.5975504543334127,-0.081613119182682,1.9487409080800775,-0.535850305311079,207.354642,3.6087713407744606,-0.2618488201254067,2.3321180151824312,-1.0617747713171293,139.57,5.218519121112288,-0.5193751991365879,3.0877094668437954,-1.8119748530693265
23,42,-0.004630050148195991,0.00418966612651621,0.008378706487150903,0.0038271006161030956,304.770307,2.5979230815787115,-0.08163415721938765,1.9436126902219326,-0.5326665009977043,207.344291,3.6080518900603034,-0.26157735654539394,2.330662479125726,-1.0607082561403922,139.57,5.217258683020154,-0.5188941707481296,3.088134645629539,-1.8105944911248002
23,43,-0.004641627073983019,0.0041893796003237204,0.008751077192253954,0.0038271006161030956,304.854291,2.5953901219770485,-0.08105378847799763,1.9477307998141897,-0.5354355336195524,207.268221,3.6065485381647187,-0.2608684380180088,2.3320632035445628,-1.062423555542661,139.57,5.21340588203884,-0.517425824802649,3.087266183727706,-1.8122013650214717
23,44,-0.004601660755007156,0.004232748077277607,0.008522388711165625,0.0038271006161030956,304.822373,2.5987482120173966,-0.08186103166544674,1.950179550879004,-0.5323363338017029,207.23535,3.6113775122896934,-0.2624210780513671,2.337719845342264,-1.05709836599095,139.57,5.219570116002096,-0.5197765459703492,3.0955537506814803,-1.8022239921630558
23,45,-0.004607740748022049,0.004242170038946921,0.00909267944925589,0.0038271006161030956,304.733361,2.597495966010887,-0.08151218755353475,1.958404599161102,-0.5369767765436442,207.143115,3.610276823202125,-0.261804697709739,2.3414880225998576,-1.058125607566627,139.57,5.215929282877371,-0.5183871773355069,3.096554453274401,-1.8020521250107324
23,46,-0.0046256674047818955,0.00420412188966573,0.008991915403159089,0.0038271006161030956,304.859818,2.596827171271094,-0.08140771786403976,1.95323763690636,-0.536781604539767,207.12462,3.6108261989995456,-0.26194256428007706,2.3369139754699524,-1.0616968929817836,139.57,5.216299231107027,-0.5185282280972298,3.0909957478385306,-1.808414565499643
23,47,-0.0046504428384544485,0.004142272093354591,0.007611270257187884,0.0038271006161030956,304.934592,2.5973775861518993,-0.0815775783061884,1.928063048103138,-0.5269850486423175,207.294571,3.6096112252178365,-0.26197645684222054,2.321683738974357,-1.0647109942408854,139.57,5.2183735889811755,-0.5193196421951658,3.080207393987892,-1.8183073887023227
23,48,-0.004590486841632674,0.00429754828585443,0.009627259994371815,0.0038271006161030956,304.774236,2.595427529605397,-0.08102561570066183,1.9701321613041993,-0.5394079558179797,207.467108,3.6027423410722736,-0.2600986050167982,2.347373689735366,-1.051561188030493,139.57,5.212415061317502,-0.5170487037035688,3.1041353065703654,-1.7939272189067685
23,49,-0.004602939686456472,0.0042575548197130554,0.00940033087078787,0.0038271006161030956,304.75433,2.5968570652295724,-0.08136564870400144,1.9638878159647193,-0.5388383799121779,207.545521,3.6032918362906576,-0.26048891667858215,2.3419177715821333,-1.0540291382620024,139.57,5.2149549356796605,-0.5180158207314097,3.098961895748856,-1.7997672857415867
23,50,-0.004585496396653438,0.004272301046682773,0.008890867783357034,0.0038271006161030956,304.846575,2.597962475512076,-0.0816796456235489,1.9587387210671254,-0.5340419929883918,207.31441,3.6092840984288386,-0.2619174168008094,2.3432656485479413,-1.0532752841747957,139.57,5.2183506269264495,-0.5193108768201544,3.1014482158733716,-1.7958684418814168
23,51,-0.004586899533549435,0.004286575538626346,0.011060397722094403,0.0038271006161030956,304.957688,2.595741847859745,-0.08118794972896637,1.9894878576086565,-0.5493196238232397,207.392765,3.606041875194218,-0.26102231606708726,2.3555865775489426,-1.0535256233481127,139.57,5.2154703980182235,-0.5182122565712517,3.1063835400856985,-1.794207820725163
23,52,-0.004624695728122862,0.004234217792766397,0.008931069766898307,0.0038271006161030956,304.807656,2.594765047116166,-0.08087952956018432,1.9541457679762781,-0.535851516571037,207.246173,3.6056020436494833,-0.2604903916210801,2.3376844444226963,-1.058927570133374,139.57,5.211559429886507,-0.5167231994268451,3.093406836377755,-1.8053212390234008
23,53,-0.004648465995492125,0.004149829319778268,0.009051340501133277,0.0038271006161030956,304.808639,2.5979215042170014,-0.0816517775501021,1.9494152389422081,-0.5388565889567277,207.507332,3.6058535452563163,-0.26125799765691177,2.329009499670141,-1.0635187045399266,139.57,5.217765576840096,-0.5190875803969172,3.083728864463861,-1.8169784618574396
23,54,-0.00460705754621447,0.004225318516543421,0.00910342930347222,0.0038271006161030956,304.950282,2.5975915769483153,-0.08163740263048334,1.9572844284944098,-0.5366089460111121,207.454982,3.6075373769766017,-0.26169274783212043,2.338493794247422,-1.0566573875541019,139.57,5.219002156076155,-0.5195596290851403,3.0953299562311924,-1.8036190587898648
23,55,-0.004620513969929697,0.004204358964673317,0.00901004194116633,0.0038271006161030956,305.002365,2.596726831916179,-0.08144988275973973,1.9536409098979868,-0.5363181016952966,207.514151,3.6059089474118924,-0.2612946400602935,2.3349306800453595,-1.0583207873508864,139.57,5.217997452560242,-0.5191760721359658,3.091726528852372,-1.8076466814095773
23,56,-0.004561943199915708,0.004310091371693466,0.011336085686054903,0.0038271006161030956,304.976249,2.5978850483049665,-0.08172158356474545,1.9965096837854508,-0.5502446984687684,207.415664,3.6087973149225596,-0.2620177986507316,2.3608713325876236,-1.0503206916316332,139.57,5.2199233697977805,-0.5199114951115746,3.1119407496807656,-1.7881503897434943
23,57,-0.004625242811217312,0.004206576051285379,0.008564723659715555,0.0038271006161030956,304.902778,2.5963982187771903,-0.0813228415186611,1.9472650002116738,-0.5332220760575905,207.505772,3.604663838992231,-0.2608502923226483,2.332138166753094,-1.058283660957047,139.57,5.216028699290396,-0.5184250792337505,3.09046110760744,-1.8082021039196683
23,58,-0.004574773056684641,0.004299256290041599,0.011491504094263376,0.0038271006161030956,304.968591,2.5966620044397137,-0.08141819659330184,1.9970824373598042,-0.5518006093342269,207.30686,3.608752286508557,-0.26171699087601374,2.3605307710197696,-1.052843115461766,139.57,5.217421276472457,-0.5189562039165665,3.109734937582737,-1.791083849005072
23,59,-0.004625638831700826,0.0042004528383240225,0.008708237914221487,0.0038271006161030956,305.074673,2.595692241489219,-0.08123040663160445,1.9485836881498098,-0.5338371673827281,207.29777,3.6085493007162897,-0.26162424098382825,2.333935136363064,-1.0603667992394608,139.57,5.216927460320801,-0.5187678184028999,3.0901846982515253,-1.8088313439393224
23,60,-0.004599542039728787,0.004250573303247647,0.00962241230074489,0.0038271006161030956,305.068599,2.5959114346176713,-0.08128120657880354,1.9662883761530703,-0.539468363586667,207.279929,3.609073623385744,-0.2617554382857907,2.344864912182907,-1.056365976088778,139.57,5.217277073265277,-0.518901186780449,3.0992634138053483,-1.799921676933478
